Sudoku
830200150
500014000
700800000
001005020
000001000
000023000
200000040
600080000
000000000

Sudoku
000010000
600000400
004500100
000147020
000006040
205080030
000000050
740003000
000000000

Sudoku
000074020
038000400
000000000
000008300
007000100
500103000
340002000
801045000
000000000

Sudoku
000810500
085006000
400000010
060078000
510000000
200000000
000600800
100004760
000000000

Sudoku
042700600
000650000
600200050
003000000
000010200
700000500
001048000
500002040
000000000

Sudoku
000007500
300500000
800000200
070000600
504800000
000050300
003006100
026003080
000000000

Sudoku
000004000
100027000
250000000
021008000
430705000
800010000
000860300
006200000
000000000

Sudoku
002007600
000000100
607000000
200005040
410000270
000080300
000004000
005032080
000000000

Sudoku
700060000
400000000
006002830
030210000
008700400
054680000
047000000
000000300
000000000

Sudoku
234000000
010000020
005407080
000702010
000000000
000000030
107000800
008675000
000000000

Sudoku
070280300
060000020
004030700
000007500
001000600
003040000
200006400
700000100
000000000

Sudoku
800000000
070051020
063000450
400000800
008000000
005014060
000005600
000840000
000000000

Sudoku
056000870
800300000
004076000
000000300
000002080
600000150
000800740
020050000
000000000

Sudoku
060020040
000007800
100806050
300000100
600300200
005000400
000103000
200000060
000000000

Sudoku
006000580
001024060
700015000
873000000
000040000
150800000
000400700
000003000
000000000

Sudoku
056020000
000000000
800001500
030000010
060000700
075000030
004360070
108050000
000000000

Sudoku
018004000
040010500
003000060
600237800
100000000
000600000
030002400
000005600
000000000

Sudoku
020870060
801000000
000003700
000010040
070400000
005006010
700060500
006005000
000000000

Sudoku
003040600
001000000
070300000
700200830
025600400
610008000
007400000
000100000
000000000

Sudoku
805102000
200005710
010308050
003000100
001000000
400020000
700000000
080070000
000000000

Sudoku
000700000
310020000
000054000
200607100
060300540
070400300
000000000
603000400
000000000

Sudoku
000103600
000704310
075020000
400002000
000000000
150480000
000500000
030006500
000000000

Sudoku
500070000
000608370
070030000
050000000
060000710
700050030
040000060
000103020
000000000

Sudoku
000360010
000700000
800200070
050624000
030000000
600000800
000050060
208070400
000000000

Sudoku
000018070
800004000
000000530
004502600
000160000
000000240
031000020
000070060
000000000

Sudoku
008600000
002000000
000830400
300170000
200080000
570000000
000008050
080756010
000000000

Sudoku
034000000
000620000
706000840
300402080
000801030
400000250
000050000
000000070
000000000

Sudoku
080043700
000100060
010027030
230006040
008500000
000000000
000030000
300402000
000000000

Sudoku
020080000
000005000
000071600
000008100
700260000
100040260
018000000
005006030
000000000

Sudoku
401308000
070200000
008000060
500000810
000180300
300000000
600400000
025000700
000000000

Sudoku
500027000
400050700
007000000
005000000
000400500
700301000
070280400
800040020
000000000

Sudoku
045300000
080000000
010020000
300680700
800007000
002000030
008030040
000870010
000000000

Sudoku
030705480
467020030
010800000
005600000
000000600
200300000
000080300
000007000
000000000

Sudoku
000020600
000070000
057038100
680050000
070600000
400703000
020000500
000807000
000000000

Sudoku
060030150
000007300
300540080
007005000
000000700
034680000
010000040
800000000
000000000

Sudoku
706000400
000603200
080120000
000001000
050200070
000075080
200030000
000084000
000000000

Sudoku
020014000
070000500
000007000
700000040
000350100
401800060
000005730
030040000
000000000

Sudoku
010020080
400500000
000000100
006000000
005364000
800051000
100000000
580170300
000000000

Sudoku
100002300
407003000
080000470
503080060
000104000
000000050
000800720
000700000
000000000

Sudoku
005000000
001800400
300620000
000004800
504007000
017060000
840000000
070056000
000000000

Sudoku
850006030
000050000
030207060
007040100
001600040
008305000
000003000
000004000
000000000

Sudoku
000300000
506000010
730120040
002060050
080000060
000005070
010000000
400000320
000000000

Sudoku
070480300
000000000
200000010
001003000
800050020
000207680
008000000
025840000
000000000

Sudoku
000058200
460072000
700000450
000400000
000000060
600010000
840000100
025800000
000000000

Sudoku
010000000
005006100
003542000
006175000
007000030
000034510
000300400
000000000
000000000

Sudoku
007000000
000704000
081260000
070083000
450100000
010000720
640010000
000020000
000000000

Sudoku
000000020
004063000
231000670
000200000
008000000
470030000
802410000
000700060
000000000

Sudoku
200000840
000450000
014007000
000802600
030000100
100000530
000000400
002040080
000000000

Sudoku
000000060
000462000
070008040
000200300
706030000
080000700
500000600
600014020
000000000

Sudoku
000530040
000200000
320000070
463000000
070102000
000000300
045800700
000006800
000000000

Sudoku
000020000
480000300
060000200
100074000
000380700
700000000
002008530
006500040
000000000

Sudoku
100000500
203004000
640000020
002140060
004000000
000006000
076200400
800600000
000000000

Sudoku
080000300
020005000
507380000
040600030
000002000
070000020
006008700
105070000
000000000

Sudoku
000200050
803000070
000050000
470300010
050800000
006000000
200010400
037004200
000000000

Sudoku
800206050
001000000
407030000
006020040
740500060
020000000
000000070
200008400
000000000

Sudoku
600000520
000010040
028000100
000400300
000003000
264100000
002000700
005004030
000000000

Sudoku
801053000
000060200
000020010
000142300
020800070
060000000
008000000
040081000
000000000

Sudoku
052001080
040506700
306000020
200000000
608004000
000070040
000000030
004700000
000000000

Sudoku
002000070
003060000
508020000
100705000
070006150
040000020
001000000
320600000
000000000

Sudoku
400802000
000000020
100000070
000500600
300000050
670080030
000075040
805020000
000000000

Sudoku
800512000
500000000
000000400
080260000
030041000
760000000
006000040
005420010
000000000

Sudoku
000001750
060040030
420807000
001008070
000000000
000000400
307000000
004280060
000000000

Sudoku
006000000
014000070
000004000
160080230
045000800
000050000
608021000
000060040
000000000

Sudoku
000034060
000720000
001000570
504000000
173000000
600000000
320050000
005160000
000000000

Sudoku
008106000
540200030
000004100
000012000
000000300
200030000
006300700
405000010
000000000

Sudoku
680000000
500000000
320700000
470006020
200300000
030002100
001080000
800060700
000000000

Sudoku
105074000
000000160
400000700
307040050
610000000
040030000
280000600
500000000
000000000

Sudoku
700300000
050804000
160002080
000020000
000000000
000186000
004001800
028600100
000000000

Sudoku
000000070
000000050
013008000
407000100
250000600
000150820
300060000
000802300
000000000

Sudoku
300041720
400800600
008500010
000300000
500070400
000080000
603000000
005007000
000000000

Sudoku
000370100
500100080
010500000
002008300
040002600
100003000
008007000
000010040
000000000

Sudoku
002000060
500000000
000400000
000502700
040008310
013000080
080060070
000040250
000000000

Sudoku
400000000
002100800
080700040
510003000
000001200
700002060
800030100
060050000
000000000

Sudoku
400010000
070020600
300004000
004005000
280003010
700001000
600300100
007000800
000000000

Sudoku
000830050
000000020
007000840
086500000
340000080
500008730
000000200
700000600
000000000

Sudoku
000000570
805000000
030006000
000030100
586002000
701068050
000003000
040000800
000000000

Sudoku
001000600
200000800
000510040
020000700
000001000
040020000
130002000
008174050
000000000

Sudoku
048570000
000006070
072000450
005700000
020058000
600000200
050001000
000000020
000000000

Sudoku
050000000
040050000
073142000
501000000
407300050
000010030
600000000
120000800
000000000

Sudoku
050300000
800150000
260000800
000000100
000276300
408000020
007000000
000412000
000000000

Sudoku
000270600
700800000
056300800
270000500
000643000
000100700
041000000
000000020
000000000

Sudoku
000540080
402001000
000000350
000050070
501000800
600300000
070006000
300004600
000000000

Sudoku
100050070
000000060
000020000
830000100
002648000
000007850
006000010
500000380
000000000

Sudoku
308000000
010420500
500080000
000070000
460105030
000003040
020054000
000600000
000000000

Sudoku
002000180
700630000
000800420
000051360
000000000
004006000
005000040
008017000
000000000

Sudoku
000163000
130000000
000800000
540000000
807032410
000000020
002000000
468000700
000000000

Sudoku
050728000
001000000
000300000
620400750
000203800
070050000
000070200
700000060
000000000

Sudoku
007020000
030008060
000154000
800300040
600500080
000640300
053000000
000000500
000000000

Sudoku
000700000
315000000
000430500
750080030
003012000
000000060
047001600
001000000
000000000

Sudoku
006000500
000050010
000070030
470003000
500000840
000006000
063081000
710040000
000000000

Sudoku
070180060
004200000
300040080
600000050
700005000
042300000
061003000
000500000
000000000

Sudoku
000485700
000060000
800000000
000046100
003000450
085700300
070018000
030000000
000000000

Sudoku
000000700
230000000
000701540
010073000
500000060
600040000
040030010
078600000
000000000

Sudoku
006000700
700004000
005006000
100000000
540070320
000080610
000400830
003001000
000000000

Sudoku
008760000
001000000
000010000
700102000
830000750
150004260
000800500
000300000
000000000

Sudoku
008000020
305800010
000003050
000520080
080100000
000000600
820000500
000312000
000000000

Sudoku
000034200
423500000
000000700
802000400
000050000
000000600
048000150
300060040
000000000

Sudoku
008000600
076020000
130750000
050000400
007006100
040000200
013007080
000000000
000000000

Sudoku
600080070
728600100
000503200
000050000
000006710
100000300
000100000
003060000
000000000

Sudoku
007000800
653100000
000800340
086030000
025070000
030000100
000600000
000310000
000000000

Sudoku
040000020
076000000
015000080
008000010
600310050
003200060
200400000
080600000
000000000

Sudoku
058006000
040002000
300000000
010050600
000003000
080600540
000700350
070810000
000000000

Sudoku
003005100
000100300
060200070
000013000
400000060
006008050
500030000
200071000
000000000

Sudoku
002006000
080400000
000010000
000000020
540001070
000230160
306000050
000160040
000000000

Sudoku
000408050
000005000
000001480
000050360
082000500
001020000
806000000
700000120
000000000

Sudoku
050080000
600000200
020000700
700010050
080050130
300000060
006043000
045000000
000000000

Sudoku
003020060
000060000
005400000
007100000
004350070
060080050
800006010
000002300
000000000

Sudoku
000007600
200300000
038004000
070040050
006000300
000012000
500070000
003650100
000000000

Sudoku
000000630
016000000
340000050
801040000
000700200
000200000
005020040
020076800
000000000

Sudoku
800702050
001006000
002004800
000080030
010000000
050017400
070100000
000630000
000000000

Sudoku
600500200
020000060
180004000
004061000
000050010
070040300
001000000
460000080
000000000

Sudoku
003520000
000710050
004000700
751000000
000200000
300000860
070600000
000170020
000000000

Sudoku
003200040
000076500
070300000
000030080
000650010
080410600
000002060
005000000
000000000

Sudoku
040018630
506000000
100000000
800500000
000000700
010003200
004805000
200007100
000000000

Sudoku
000000500
437000080
680300000
040070060
000000000
020060000
000687040
015020000
000000000

Sudoku
208000000
460020000
005000700
087000010
020010040
000340070
600700000
040000200
000000000

Sudoku
010040080
000200000
005000000
760000840
230006000
008010500
452000000
301000000
000000000

Sudoku
000010000
608040000
700028060
000000070
000070080
200000000
000507400
140683000
000000000

Sudoku
040000000
020501000
850000600
004800700
000050200
206000400
080002000
600003010
000000000

Sudoku
000720060
008010000
500300210
000600500
000408000
201005000
000000040
025007000
000000000

Sudoku
408000500
700000120
600780000
032000000
000205080
000008000
070304200
000000030
000000000

Sudoku
042003000
716000000
080200000
000100050
300000200
008060040
003000020
000001680
000000000

Sudoku
007000860
610000000
000745000
000050600
702003450
000802000
000000000
000031020
000000000

Sudoku
004000000
010000700
000780050
730000010
040060300
200003600
000001060
006000540
000000000

Sudoku
701000800
000070120
000025000
020081000
600034000
080000700
002800000
060010000
000000000

Sudoku
403000000
000340000
100800700
020007040
000050100
001200030
000010080
008000410
000000000

Sudoku
008001020
102060040
000500000
300004650
000078000
050000800
000000200
000407300
000000000

Sudoku
460010800
000002300
100008000
080370000
005800100
000620000
000000010
000064030
000000000

Sudoku
164002080
000000000
250014000
080000000
000100000
002607010
001408200
000000800
000000000

Sudoku
052008040
001000000
007002000
700106030
260000000
000043100
040300800
000000400
000000000

Sudoku
005732000
070156800
800000060
400000000
000400000
500018600
000000300
200500000
000000000

Sudoku
100080200
200000060
007140000
800000030
300600000
046002000
705200000
030060000
000000000

Sudoku
000000000
100003040
048012000
010050000
604070000
070028530
000000400
580000000
000000000

Sudoku
630070050
001300400
207006000
006000070
400000060
020000100
000080300
002100000
000000000

Sudoku
001000200
735000600
008020070
000032700
000040000
040060300
800000000
600000840
000000000

Sudoku
305000000
100003200
000060700
000300020
680000400
004070000
070031050
060500000
000000000

Sudoku
020000500
063800000
000610040
000106000
008700300
007003000
070020150
000050000
000000000

Sudoku
574000060
000104000
600000100
300000010
000000740
000003000
080430000
007026080
000000000

Sudoku
300000000
601050000
000000260
800005400
002060070
000304050
050086000
040000300
000000000

Sudoku
015000000
000300800
000008300
800100720
003620000
070000040
152400000
000000010
000000000

Sudoku
080530000
000600000
000080610
506370000
002006070
000012000
000004060
050000030
000000000

Sudoku
340000500
800036000
060810000
000300000
031000000
006085030
008000000
000400650
000000000

Sudoku
030807600
700000000
000030120
061500040
280100030
000040050
000001000
040000000
000000000

Sudoku
300400000
008100760
204070000
000200000
000000400
082657100
400002000
000000080
000000000

Sudoku
050040000
000000050
012306080
000002000
000050000
000800600
026081000
304720000
000000000

Sudoku
800403000
000005860
000008300
270001000
001007000
000000400
000560780
500020000
000000000

Sudoku
020500000
810600040
300000600
000000300
670084000
000073000
000200000
457000200
000000000

Sudoku
060000010
030050000
040000050
300000040
800106000
051002000
186000400
007000600
000000000

Sudoku
730000600
005004000
010600020
007026050
060000000
802040070
008000030
040000000
000000000

Sudoku
000604700
450200000
010008500
000700000
070000040
000400160
046005030
000010000
000000000

Sudoku
007004200
053700000
010060000
540000800
000640700
001020000
206070000
000010000
000000000

Sudoku
003000000
020480010
007000030
500000000
610803000
740000300
050001040
000054000
000000000

Sudoku
000100400
260000500
000004030
530002000
000460000
780010000
020080700
006005000
000000000

Sudoku
850002010
010073000
640000000
000000000
007300800
000010700
003500080
005007200
000000000

Sudoku
300400080
071000500
020608000
050003100
000060000
000070000
000340070
807002000
000000000

Sudoku
200300000
100005000
370200000
030408000
045700000
000000530
060054000
000860000
000000000

Sudoku
070002050
042000000
001008030
700000000
506813700
080006040
003000000
000000010
000000000

Sudoku
000000010
051060020
600035700
000000080
000720400
000100000
007210000
503008000
000000000

Sudoku
560040230
004070680
000001000
001050070
005010000
080000020
007003000
000800000
000000000

Sudoku
020004000
610000470
000075200
000000300
000607000
040050000
000100000
507420800
000000000

Sudoku
050000000
040060000
003087400
000004070
000000080
487000300
000540000
064800010
000000000

Sudoku
108000030
054627000
000400010
010000500
080001000
070000000
062503000
000100000
000000000

Sudoku
070060040
000000600
000000020
023004070
000302060
000100000
001670000
306010050
000000000

Sudoku
008007060
000301800
000006000
000020000
812000300
500000040
000840000
003275000
000000000

Sudoku
060301020
000070000
080000000
503020400
007604030
008000000
740000600
200000050
000000000

Sudoku
000003080
080500000
700004000
250000000
004008300
600400700
008000020
020057100
000000000

Sudoku
000300780
400070500
200050000
060000400
000800600
108532000
000020100
003000000
000000000

Sudoku
405600000
200070000
100080700
000005040
000003000
003000000
034000070
708014050
000000000

Sudoku
000500000
000041050
000000200
724600000
600000800
100874000
081000060
000003500
000000000

Sudoku
050000060
820005000
070002010
004000000
000027530
006180000
001074000
200000000
000000000

Sudoku
003000000
600800500
000401000
000024000
000067000
027015000
038000000
540003200
000000000

Sudoku
000328600
030000010
000400000
680040000
000700000
402105700
000010000
527000000
000000000

Sudoku
000015000
504000100
002000030
107050000
086270040
000000500
000800460
000003000
000000000

Sudoku
000002650
208050300
500000000
000800040
000601080
406003000
000000000
084067000
000000000

Sudoku
036004200
001000070
000000000
007026000
820000060
000070500
580000300
000538000
000000000

Sudoku
472601000
006020030
010000040
000050000
080000700
703000000
000200000
300580100
000000000

Sudoku
001205000
007000030
080000000
000310000
000720300
025006010
070080060
003060000
000000000

Sudoku
050000310
004230000
608005020
020006000
001300000
000000100
200170080
060000000
000000000

Sudoku
000800000
068000000
245700030
001084000
070060300
000000700
004100000
000608100
000000000

Sudoku
054000700
700405000
000060080
300000520
000826400
007000000
040000010
003600000
000000000

Sudoku
802310000
000005000
301000800
003280000
000403700
000500000
000870100
025000000
000000000

Sudoku
007002080
000013400
000800700
082001000
501700000
070000020
020400000
106000000
000000000

Sudoku
000140000
800005260
000006080
200070800
000003040
000002030
000308570
010000000
000000000

Sudoku
000083010
001000000
008000040
000170000
830000200
000000060
320061800
006007100
000000000

Sudoku
001000530
000006000
020837040
000600000
500003000
060000400
002700060
305020000
000000000

Sudoku
010605070
070000000
000003000
520000040
000700000
306014800
007500080
604000000
000000000

Sudoku
008700030
060040200
007006000
020070000
000030040
030620800
200504060
000000000
000000000

Sudoku
000004700
070000020
140000500
003700100
501000000
602035400
000001080
000000300
000000000

Sudoku
002000600
000017520
008450000
034800000
207030000
100200000
000020000
010000070
000000000

Sudoku
000063000
002000040
000018000
658400000
000006000
007305010
003000500
200000830
000000000

Sudoku
285010060
000600200
000082000
040050000
000030000
012700040
800200070
700000000
000000000

Sudoku
075000000
100403000
000720000
004006300
060270000
300805000
400000000
230080000
000000000

Sudoku
401700030
087005010
000300600
000000080
005207040
000100300
060002000
030000000
000000000

Sudoku
007008000
063400200
008006000
000000400
040070050
006003000
500621000
400000080
000000000

Sudoku
300002600
080600700
000030000
500080210
700000000
403000800
008000100
205070000
000000000

Sudoku
501000860
300000050
000346000
000000100
005000070
007600400
708005000
020070000
000000000

Sudoku
800050760
000004000
706000000
500100080
040000000
000060050
000370010
003810600
000000000

Sudoku
002003040
000002000
001000700
007630000
000210670
080400000
603500000
000180000
000000000

Sudoku
050000000
046032000
020000040
400025000
000700480
308000000
003000860
604000000
000000000

Sudoku
040700100
001200040
000406000
030070480
007500600
000010000
080000000
100000230
000000000

Sudoku
360500070
050120000
007000830
000007000
000000000
146000050
030000100
402080000
000000000

Sudoku
007286000
100000580
200003000
000410000
000500000
510700040
000008100
081000000
000000000

Sudoku
020700300
000000850
100200000
048000060
000001430
652004000
001000000
500000010
000000000

Sudoku
000000370
200070000
007080000
682000000
170004000
000031400
050800000
008100060
000000000

Sudoku
600040000
000280400
807000010
002705000
000030000
000400830
300056040
050000000
000000000

Sudoku
100046070
002070000
000000000
308607000
275001000
004800600
000000000
040050060
000000000

Sudoku
000080030
004367080
030050000
605000070
000006000
210000050
760003000
000500000
000000000

Sudoku
004000020
060030400
070200000
050007000
801000230
302010500
016000000
000500000
000000000

Sudoku
050000000
000175040
210000000
000007050
530000020
807006000
701450600
000000000
000000000

Sudoku
010000200
430000000
000003040
000801000
008000030
306024800
047032000
000000600
000000000

Sudoku
601400030
405002000
780000000
030020000
050030000
076005000
000000460
007300000
000000000

Sudoku
056701000
000200000
001000000
500003000
204000100
008604000
030146000
400500000
000000000

Sudoku
000006000
100500200
080000000
700015630
200000000
048000000
001020360
070030020
000000000

Sudoku
400000650
020560000
008000070
640000300
000300040
702000060
000007000
087020000
000000000

Sudoku
200040500
410000030
038605000
000004010
004000700
080000000
003080400
050100000
000000000

Sudoku
003007000
012040000
080000070
007800100
060001240
408000000
000000060
704000500
000000000

Sudoku
000163000
000400000
160000000
008000170
730500060
020781000
001050000
004000000
000000000

Sudoku
004612000
018000000
200570000
000037610
502000800
000000000
020003000
000200700
000000000

Sudoku
570000000
000230060
000600020
083001200
001057000
007000000
100008030
020000040
000000000

Sudoku
000000320
000007040
205001000
700000400
050410600
000002070
004060000
120008000
000000000

Sudoku
002000300
706005000
030100000
040006000
103000400
000000200
050042100
010000620
000000000

Sudoku
450280700
830000400
000000000
000060080
200108040
001000000
080000000
645000020
000000000

Sudoku
003000000
000408610
710036000
000000070
006070030
004080020
050003100
000002000
000000000

Sudoku
030780500
050003000
600000000
500412000
000000700
047500000
010200070
002007000
000000000

Sudoku
400620000
000050000
000070500
040305000
853000000
601000000
705001000
004008070
000000000

Sudoku
020000060
000300780
730006010
507000000
000058100
006000470
000700000
008002000
000000000

Sudoku
010620000
004000000
020001860
000046070
603005000
005000000
500000600
400060010
000000000

Sudoku
017005060
040008300
082000040
005000600
000570800
820004000
304000000
000000000
000000000

Sudoku
400006300
050000080
000010500
000871000
815040000
000000050
080520000
200080000
000000000

Sudoku
000080030
705004800
060302000
800000100
000000050
030000670
504800200
070000000
000000000

Sudoku
070020000
085060070
020004800
002000040
100006050
300000000
040070100
003800000
000000000

